17.sdf
  ChemDraw04082516172D

  0  0  0     0  0              0 V3000
M  V30 BEGIN CTAB
M  V30 COUNTS 25 28 0 0 0
M  V30 BEGIN ATOM
M  V30 1 N 0.567617 -0.292056 0.000000 0
M  V30 2 N 0.082694 0.375383 0.000000 0
M  V30 3 C 0.567617 1.042822 0.000000 0
M  V30 4 C 1.352239 0.787883 0.000000 0
M  V30 5 C 1.352239 -0.037117 0.000000 0
M  V30 6 O 0.312678 1.827444 0.000000 0
M  V30 7 C 2.019679 -0.522040 0.000000 0
M  V30 8 C 1.933442 -1.342521 0.000000 0
M  V30 9 C 2.600882 -1.827444 0.000000 0
M  V30 10 C 3.354557 -1.491886 0.000000 0
M  V30 11 C 3.440793 -0.671405 0.000000 0
M  V30 12 C 2.773354 -0.186482 0.000000 0
M  V30 13 O 1.179767 -1.678079 0.000000 0
M  V30 14 C 0.512328 -1.193156 0.000000 0
M  V30 15 S -1.227229 1.042822 0.000000 0
M  V30 16 C -0.742306 0.375383 0.000000 0
M  V30 17 N -1.227229 -0.292056 0.000000 0
M  V30 18 C -2.011851 -0.037117 0.000000 0
M  V30 19 C -2.011851 0.787883 0.000000 0
M  V30 20 C -2.726322 -0.449617 0.000000 0
M  V30 21 C -3.440793 -0.037117 0.000000 0
M  V30 22 C -3.440793 0.787883 0.000000 0
M  V30 23 C -2.726322 1.200383 0.000000 0
M  V30 24 C 2.019679 1.272806 0.000000 0
M  V30 25 N 2.773354 0.937248 0.000000 0
M  V30 END ATOM
M  V30 BEGIN BOND
M  V30 1 1 1 2
M  V30 2 1 2 3
M  V30 3 1 3 4
M  V30 4 1 4 5
M  V30 5 2 1 5
M  V30 6 2 3 6
M  V30 7 1 7 8
M  V30 8 2 8 9
M  V30 9 1 9 10
M  V30 10 2 10 11
M  V30 11 1 11 12
M  V30 12 2 7 12
M  V30 13 1 13 14
M  V30 14 1 8 13
M  V30 15 1 5 7
M  V30 16 1 15 16
M  V30 17 2 16 17
M  V30 18 1 17 18
M  V30 19 1 18 19
M  V30 20 1 15 19
M  V30 21 1 20 21
M  V30 22 2 21 22
M  V30 23 1 22 23
M  V30 24 2 23 19
M  V30 25 2 20 18
M  V30 26 1 2 16
M  V30 27 1 24 25
M  V30 28 2 4 24 CFG=2
M  V30 END BOND
M  V30 END CTAB
M  END
$$$$
17.sdf
  ChemDraw04082516172D

  0  0  0     0  0              0 V3000
M  V30 BEGIN CTAB
M  V30 COUNTS 23 26 0 0 0
M  V30 BEGIN ATOM
M  V30 1 N 0.567617 -0.292056 0.000000 0
M  V30 2 N 0.082694 0.375383 0.000000 0
M  V30 3 C 0.567617 1.042822 0.000000 0
M  V30 4 C 1.352239 0.787883 0.000000 0
M  V30 5 C 1.352239 -0.037117 0.000000 0
M  V30 6 O 0.312678 1.827444 0.000000 0
M  V30 7 C 2.019679 -0.522040 0.000000 0
M  V30 8 C 2.773354 -0.186482 0.000000 0
M  V30 9 C 3.440793 -0.671405 0.000000 0
M  V30 10 C 3.354557 -1.491886 0.000000 0
M  V30 11 C 2.600882 -1.827444 0.000000 0
M  V30 12 C 1.933442 -1.342521 0.000000 0
M  V30 13 S -1.227229 1.042822 0.000000 0
M  V30 14 C -0.742306 0.375383 0.000000 0
M  V30 15 N -1.227229 -0.292056 0.000000 0
M  V30 16 C -2.011851 -0.037117 0.000000 0
M  V30 17 C -2.011851 0.787883 0.000000 0
M  V30 18 C -2.726322 -0.449617 0.000000 0
M  V30 19 C -3.440793 -0.037117 0.000000 0
M  V30 20 C -3.440793 0.787883 0.000000 0
M  V30 21 C -2.726322 1.200383 0.000000 0
M  V30 22 C 2.019679 1.272806 0.000000 0
M  V30 23 N 2.773354 0.937248 0.000000 0
M  V30 END ATOM
M  V30 BEGIN BOND
M  V30 1 1 1 2
M  V30 2 1 2 3
M  V30 3 1 3 4
M  V30 4 1 4 5
M  V30 5 2 1 5
M  V30 6 2 3 6
M  V30 7 1 7 8
M  V30 8 2 8 9
M  V30 9 1 9 10
M  V30 10 2 10 11
M  V30 11 1 11 12
M  V30 12 2 7 12
M  V30 13 1 5 7
M  V30 14 1 13 14
M  V30 15 2 14 15
M  V30 16 1 15 16
M  V30 17 1 16 17
M  V30 18 1 13 17
M  V30 19 1 18 19
M  V30 20 2 19 20
M  V30 21 1 20 21
M  V30 22 2 21 17
M  V30 23 2 18 16
M  V30 24 1 2 14
M  V30 25 1 22 23
M  V30 26 2 4 22 CFG=2
M  V30 END BOND
M  V30 END CTAB
M  END
$$$$
17.sdf
  ChemDraw04082516172D

  0  0  0     0  0              0 V3000
M  V30 BEGIN CTAB
M  V30 COUNTS 23 26 0 0 0
M  V30 BEGIN ATOM
M  V30 1 N 0.567617 -0.292056 0.000000 0
M  V30 2 N 0.082694 0.375383 0.000000 0
M  V30 3 C 0.567617 1.042822 0.000000 0
M  V30 4 C 1.352239 0.787883 0.000000 0
M  V30 5 C 1.352239 -0.037117 0.000000 0
M  V30 6 O 0.312678 1.827444 0.000000 0
M  V30 7 C 2.019679 -0.522040 0.000000 0
M  V30 8 C 2.773354 -0.186482 0.000000 0
M  V30 9 C 3.440793 -0.671405 0.000000 0
M  V30 10 C 3.354557 -1.491886 0.000000 0
M  V30 11 C 2.600882 -1.827444 0.000000 0
M  V30 12 C 1.933442 -1.342521 0.000000 0
M  V30 13 C -0.742306 0.375383 0.000000 0
M  V30 14 N -1.227229 -0.292056 0.000000 0
M  V30 15 C -2.011851 -0.037117 0.000000 0
M  V30 16 C -2.011851 0.787883 0.000000 0
M  V30 17 N -1.227229 1.042822 0.000000 0
M  V30 18 C -2.726322 -0.449617 0.000000 0
M  V30 19 C -3.440793 -0.037117 0.000000 0
M  V30 20 C -3.440793 0.787883 0.000000 0
M  V30 21 C -2.726322 1.200383 0.000000 0
M  V30 22 C 2.019679 1.272806 0.000000 0
M  V30 23 N 2.773354 0.937248 0.000000 0
M  V30 END ATOM
M  V30 BEGIN BOND
M  V30 1 1 1 2
M  V30 2 1 2 3
M  V30 3 1 3 4
M  V30 4 1 4 5
M  V30 5 2 1 5
M  V30 6 2 3 6
M  V30 7 1 7 8
M  V30 8 2 8 9
M  V30 9 1 9 10
M  V30 10 2 10 11
M  V30 11 1 11 12
M  V30 12 2 7 12
M  V30 13 1 5 7
M  V30 14 2 13 14
M  V30 15 1 14 15
M  V30 16 1 15 16
M  V30 17 1 16 17
M  V30 18 1 13 17
M  V30 19 1 18 19
M  V30 20 2 19 20
M  V30 21 1 20 21
M  V30 22 2 21 16
M  V30 23 2 18 15
M  V30 24 1 2 13
M  V30 25 1 22 23
M  V30 26 2 4 22 CFG=2
M  V30 END BOND
M  V30 END CTAB
M  END
$$$$
17.sdf
  ChemDraw04082516172D

  0  0  0     0  0              0 V3000
M  V30 BEGIN CTAB
M  V30 COUNTS 23 26 0 0 0
M  V30 BEGIN ATOM
M  V30 1 N 0.567617 -0.292056 0.000000 0
M  V30 2 N 0.082694 0.375383 0.000000 0
M  V30 3 C 0.567617 1.042822 0.000000 0
M  V30 4 C 1.352239 0.787883 0.000000 0
M  V30 5 C 1.352239 -0.037117 0.000000 0
M  V30 6 O 0.312678 1.827444 0.000000 0
M  V30 7 C 2.019679 -0.522040 0.000000 0
M  V30 8 C 1.933442 -1.342521 0.000000 0
M  V30 9 C 2.600882 -1.827444 0.000000 0
M  V30 10 C 3.354557 -1.491886 0.000000 0
M  V30 11 C 3.440793 -0.671405 0.000000 0
M  V30 12 C 2.773354 -0.186482 0.000000 0
M  V30 13 S -1.227229 1.042822 0.000000 0
M  V30 14 C -0.742306 0.375383 0.000000 0
M  V30 15 N -1.227229 -0.292056 0.000000 0
M  V30 16 C -2.011851 -0.037117 0.000000 0
M  V30 17 C -2.011851 0.787883 0.000000 0
M  V30 18 C -2.726322 -0.449617 0.000000 0
M  V30 19 C -3.440793 -0.037117 0.000000 0
M  V30 20 C -3.440793 0.787883 0.000000 0
M  V30 21 C -2.726322 1.200383 0.000000 0
M  V30 22 C 2.019679 1.272806 0.000000 0
M  V30 23 N 2.773354 0.937248 0.000000 0
M  V30 END ATOM
M  V30 BEGIN BOND
M  V30 1 1 1 2
M  V30 2 1 2 3
M  V30 3 1 3 4
M  V30 4 1 4 5
M  V30 5 2 1 5
M  V30 6 2 3 6
M  V30 7 1 7 8
M  V30 8 2 8 9
M  V30 9 1 9 10
M  V30 10 2 10 11
M  V30 11 1 11 12
M  V30 12 2 7 12
M  V30 13 1 5 7
M  V30 14 1 13 14
M  V30 15 2 14 15
M  V30 16 1 15 16
M  V30 17 1 16 17
M  V30 18 1 13 17
M  V30 19 1 18 19
M  V30 20 2 19 20
M  V30 21 1 20 21
M  V30 22 2 21 17
M  V30 23 2 18 16
M  V30 24 1 2 14
M  V30 25 1 22 23
M  V30 26 2 4 22
M  V30 END BOND
M  V30 END CTAB
M  END
$$$$
17.sdf
  ChemDraw04082516172D

  0  0  0     0  0              0 V3000
M  V30 BEGIN CTAB
M  V30 COUNTS 20 22 0 0 0
M  V30 BEGIN ATOM
M  V30 1 N 0.567617 -0.944758 0.000000 0
M  V30 2 N 0.082694 -0.277319 0.000000 0
M  V30 3 C 0.567617 0.390120 0.000000 0
M  V30 4 C 1.352239 0.135181 0.000000 0
M  V30 5 C 1.352239 -0.689819 0.000000 0
M  V30 6 O 0.312678 1.174742 0.000000 0
M  V30 7 C 2.019679 -1.174742 0.000000 0
M  V30 8 S -1.227229 0.390120 0.000000 0
M  V30 9 C -0.742306 -0.277319 0.000000 0
M  V30 10 N -1.227229 -0.944758 0.000000 0
M  V30 11 C -2.011851 -0.689819 0.000000 0
M  V30 12 C -2.011851 0.135181 0.000000 0
M  V30 13 C -2.726322 -1.102319 0.000000 0
M  V30 14 C -3.440793 -0.689819 0.000000 0
M  V30 15 C -3.440793 0.135181 0.000000 0
M  V30 16 C -2.726322 0.547681 0.000000 0
M  V30 17 C 2.019679 0.620104 0.000000 0
M  V30 18 N 2.773354 0.284546 0.000000 0
M  V30 19 C 3.440793 0.769469 0.000000 0
M  V30 20 C 2.859590 -0.535934 0.000000 0
M  V30 END ATOM
M  V30 BEGIN BOND
M  V30 1 1 1 2
M  V30 2 1 2 3
M  V30 3 1 3 4
M  V30 4 1 4 5
M  V30 5 2 1 5
M  V30 6 2 3 6
M  V30 7 1 5 7
M  V30 8 1 8 9
M  V30 9 2 9 10
M  V30 10 1 10 11
M  V30 11 1 11 12
M  V30 12 1 8 12
M  V30 13 1 13 14
M  V30 14 2 14 15
M  V30 15 1 15 16
M  V30 16 2 16 12
M  V30 17 2 13 11
M  V30 18 1 2 9
M  V30 19 1 17 18
M  V30 20 2 4 17
M  V30 21 1 18 19
M  V30 22 1 18 20
M  V30 END BOND
M  V30 END CTAB
M  END
$$$$
17.sdf
  ChemDraw04082516172D

  0  0  0     0  0              0 V3000
M  V30 BEGIN CTAB
M  V30 COUNTS 32 36 0 0 0
M  V30 BEGIN ATOM
M  V30 1 N -1.230335 -0.292056 0.000000 0
M  V30 2 N -1.715258 0.375383 0.000000 0
M  V30 3 C -1.230335 1.042822 0.000000 0
M  V30 4 C -0.445713 0.787883 0.000000 0
M  V30 5 C -0.445713 -0.037117 0.000000 0
M  V30 6 O -1.485274 1.827444 0.000000 0
M  V30 7 C 0.221727 -0.522040 0.000000 0
M  V30 8 C 0.135491 -1.342521 0.000000 0
M  V30 9 C 0.802930 -1.827444 0.000000 0
M  V30 10 C 1.556605 -1.491886 0.000000 0
M  V30 11 C 1.642841 -0.671405 0.000000 0
M  V30 12 C 0.975402 -0.186482 0.000000 0
M  V30 13 S -3.025181 1.042822 0.000000 0
M  V30 14 C -2.540258 0.375383 0.000000 0
M  V30 15 N -3.025181 -0.292056 0.000000 0
M  V30 16 C -3.809803 -0.037117 0.000000 0
M  V30 17 C -3.809803 0.787883 0.000000 0
M  V30 18 C -4.524274 -0.449617 0.000000 0
M  V30 19 C -5.238745 -0.037117 0.000000 0
M  V30 20 C -5.238745 0.787883 0.000000 0
M  V30 21 C -4.524274 1.200383 0.000000 0
M  V30 22 C 0.221727 1.272806 0.000000 0
M  V30 23 N 0.975402 0.937248 0.000000 0
M  V30 24 C 1.642841 1.422171 0.000000 0
M  V30 25 C 2.396516 1.086613 0.000000 0
M  V30 26 C 2.482752 0.266132 0.000000 0
M  V30 27 C 3.236427 -0.069425 0.000000 0
M  V30 28 C 3.903867 0.415497 0.000000 0
M  V30 29 C 3.817631 1.235978 0.000000 0
M  V30 30 C 3.063956 1.571536 0.000000 0
M  V30 31 O 4.485070 1.720901 0.000000 0
M  V30 32 C 5.238745 1.385343 0.000000 0
M  V30 END ATOM
M  V30 BEGIN BOND
M  V30 1 1 1 2
M  V30 2 1 2 3
M  V30 3 1 3 4
M  V30 4 1 4 5
M  V30 5 2 1 5
M  V30 6 2 3 6
M  V30 7 1 7 8
M  V30 8 2 8 9
M  V30 9 1 9 10
M  V30 10 2 10 11
M  V30 11 1 11 12
M  V30 12 2 7 12
M  V30 13 1 5 7
M  V30 14 1 13 14
M  V30 15 2 14 15
M  V30 16 1 15 16
M  V30 17 1 16 17
M  V30 18 1 13 17
M  V30 19 1 18 19
M  V30 20 2 19 20
M  V30 21 1 20 21
M  V30 22 2 21 17
M  V30 23 2 18 16
M  V30 24 1 2 14
M  V30 25 1 22 23
M  V30 26 2 4 22
M  V30 27 1 23 24
M  V30 28 1 24 25
M  V30 29 2 25 26
M  V30 30 1 26 27
M  V30 31 2 27 28
M  V30 32 1 28 29
M  V30 33 2 29 30
M  V30 34 1 30 25
M  V30 35 1 29 31
M  V30 36 1 31 32
M  V30 END BOND
M  V30 END CTAB
M  END
$$$$
17.sdf
  ChemDraw04082516172D

  0  0  0     0  0              0 V3000
M  V30 BEGIN CTAB
M  V30 COUNTS 26 29 0 0 0
M  V30 BEGIN ATOM
M  V30 1 N -0.142940 -0.292056 0.000000 0
M  V30 2 N -0.627863 0.375383 0.000000 0
M  V30 3 C -0.142940 1.042822 0.000000 0
M  V30 4 C 0.641682 0.787883 0.000000 0
M  V30 5 C 0.641682 -0.037117 0.000000 0
M  V30 6 O -0.397879 1.827444 0.000000 0
M  V30 7 C 1.309122 -0.522040 0.000000 0
M  V30 8 C 1.222885 -1.342521 0.000000 0
M  V30 9 C 1.890325 -1.827444 0.000000 0
M  V30 10 C 2.644000 -1.491886 0.000000 0
M  V30 11 C 2.730236 -0.671405 0.000000 0
M  V30 12 C 2.062797 -0.186482 0.000000 0
M  V30 13 S -1.937786 1.042822 0.000000 0
M  V30 14 C -1.452863 0.375383 0.000000 0
M  V30 15 N -1.937786 -0.292056 0.000000 0
M  V30 16 C -2.722408 -0.037117 0.000000 0
M  V30 17 C -2.722408 0.787883 0.000000 0
M  V30 18 C -3.436879 -0.449617 0.000000 0
M  V30 19 C -4.151350 -0.037117 0.000000 0
M  V30 20 C -4.151350 0.787883 0.000000 0
M  V30 21 C -3.436879 1.200383 0.000000 0
M  V30 22 C 1.309122 1.272806 0.000000 0
M  V30 23 N 2.062797 0.937248 0.000000 0
M  V30 24 C 2.730236 1.422171 0.000000 0
M  V30 25 C 3.483911 1.086613 0.000000 0
M  V30 26 C 4.151350 1.571536 0.000000 0
M  V30 END ATOM
M  V30 BEGIN BOND
M  V30 1 1 1 2
M  V30 2 1 2 3
M  V30 3 1 3 4
M  V30 4 1 4 5
M  V30 5 2 1 5
M  V30 6 2 3 6
M  V30 7 1 7 8
M  V30 8 2 8 9
M  V30 9 1 9 10
M  V30 10 2 10 11
M  V30 11 1 11 12
M  V30 12 2 7 12
M  V30 13 1 5 7
M  V30 14 1 13 14
M  V30 15 2 14 15
M  V30 16 1 15 16
M  V30 17 1 16 17
M  V30 18 1 13 17
M  V30 19 1 18 19
M  V30 20 2 19 20
M  V30 21 1 20 21
M  V30 22 2 21 17
M  V30 23 2 18 16
M  V30 24 1 2 14
M  V30 25 1 22 23
M  V30 26 2 4 22
M  V30 27 1 23 24
M  V30 28 1 24 25
M  V30 29 1 26 25
M  V30 END BOND
M  V30 END CTAB
M  END
$$$$
17.sdf
  ChemDraw04082516172D

  0  0  0     0  0              0 V3000
M  V30 BEGIN CTAB
M  V30 COUNTS 33 38 0 0 0
M  V30 BEGIN ATOM
M  V30 1 N -0.896615 -0.292056 0.000000 0
M  V30 2 N -1.381538 0.375383 0.000000 0
M  V30 3 C -0.896615 1.042822 0.000000 0
M  V30 4 C -0.111993 0.787883 0.000000 0
M  V30 5 C -0.111993 -0.037117 0.000000 0
M  V30 6 O -1.151554 1.827444 0.000000 0
M  V30 7 C 0.555447 -0.522040 0.000000 0
M  V30 8 C 0.469210 -1.342521 0.000000 0
M  V30 9 C 1.136650 -1.827444 0.000000 0
M  V30 10 C 1.890325 -1.491886 0.000000 0
M  V30 11 C 1.976561 -0.671405 0.000000 0
M  V30 12 C 1.309122 -0.186482 0.000000 0
M  V30 13 S -2.691461 1.042822 0.000000 0
M  V30 14 C -2.206538 0.375383 0.000000 0
M  V30 15 N -2.691461 -0.292056 0.000000 0
M  V30 16 C -3.476083 -0.037117 0.000000 0
M  V30 17 C -3.476083 0.787883 0.000000 0
M  V30 18 C -4.190554 -0.449617 0.000000 0
M  V30 19 C -4.905025 -0.037117 0.000000 0
M  V30 20 C -4.905025 0.787883 0.000000 0
M  V30 21 C -4.190554 1.200383 0.000000 0
M  V30 22 C 0.555447 1.272806 0.000000 0
M  V30 23 N 1.309122 0.937248 0.000000 0
M  V30 24 C 1.976561 1.422171 0.000000 0
M  V30 25 C 2.730236 1.086613 0.000000 0
M  V30 26 C 2.816472 0.266133 0.000000 0
M  V30 27 C 3.570147 -0.069425 0.000000 0
M  V30 28 C 4.237586 0.415498 0.000000 0
M  V30 29 C 4.151350 1.235979 0.000000 0
M  V30 30 C 3.397675 1.571537 0.000000 0
M  V30 31 O 3.825086 -0.854047 0.000000 0
M  V30 32 C 4.650086 -0.854047 0.000000 0
M  V30 33 O 4.905025 -0.069425 0.000000 0
M  V30 END ATOM
M  V30 BEGIN BOND
M  V30 1 1 1 2
M  V30 2 1 2 3
M  V30 3 1 3 4
M  V30 4 1 4 5
M  V30 5 2 1 5
M  V30 6 2 3 6
M  V30 7 1 7 8
M  V30 8 2 8 9
M  V30 9 1 9 10
M  V30 10 2 10 11
M  V30 11 1 11 12
M  V30 12 2 7 12
M  V30 13 1 5 7
M  V30 14 1 13 14
M  V30 15 2 14 15
M  V30 16 1 15 16
M  V30 17 1 16 17
M  V30 18 1 13 17
M  V30 19 1 18 19
M  V30 20 2 19 20
M  V30 21 1 20 21
M  V30 22 2 21 17
M  V30 23 2 18 16
M  V30 24 1 2 14
M  V30 25 1 22 23
M  V30 26 2 4 22
M  V30 27 1 23 24
M  V30 28 1 24 25
M  V30 29 2 25 26
M  V30 30 1 26 27
M  V30 31 2 27 28
M  V30 32 1 28 29
M  V30 33 2 29 30
M  V30 34 1 30 25
M  V30 35 1 27 31
M  V30 36 1 31 32
M  V30 37 1 32 33
M  V30 38 1 33 28
M  V30 END BOND
M  V30 END CTAB
M  END
$$$$
17.sdf
  ChemDraw04082516172D

  0  0  0     0  0              0 V3000
M  V30 BEGIN CTAB
M  V30 COUNTS 31 35 0 0 0
M  V30 BEGIN ATOM
M  V30 1 N -0.562895 -0.499660 0.000000 0
M  V30 2 N -1.047819 0.167779 0.000000 0
M  V30 3 C -0.562895 0.835218 0.000000 0
M  V30 4 C 0.221726 0.580279 0.000000 0
M  V30 5 C 0.221726 -0.244721 0.000000 0
M  V30 6 O -0.817835 1.619840 0.000000 0
M  V30 7 C 0.889166 -0.729644 0.000000 0
M  V30 8 C 0.802930 -1.550125 0.000000 0
M  V30 9 C 1.470369 -2.035048 0.000000 0
M  V30 10 C 2.224044 -1.699490 0.000000 0
M  V30 11 C 2.310281 -0.879009 0.000000 0
M  V30 12 C 1.642841 -0.394086 0.000000 0
M  V30 13 S -2.357742 0.835218 0.000000 0
M  V30 14 C -1.872819 0.167779 0.000000 0
M  V30 15 N -2.357742 -0.499660 0.000000 0
M  V30 16 C -3.142363 -0.244721 0.000000 0
M  V30 17 C -3.142363 0.580279 0.000000 0
M  V30 18 C -3.856835 -0.657221 0.000000 0
M  V30 19 C -4.571306 -0.244721 0.000000 0
M  V30 20 C -4.571306 0.580279 0.000000 0
M  V30 21 C -3.856835 0.992779 0.000000 0
M  V30 22 C 0.889166 1.065202 0.000000 0
M  V30 23 N 1.642841 0.729644 0.000000 0
M  V30 24 C 2.310280 1.214567 0.000000 0
M  V30 25 C 3.063955 0.879009 0.000000 0
M  V30 26 C 3.150191 0.058528 0.000000 0
M  V30 27 C 3.903866 -0.277030 0.000000 0
M  V30 28 C 4.571306 0.207893 0.000000 0
M  V30 29 C 4.485070 1.028374 0.000000 0
M  V30 30 C 3.731395 1.363932 0.000000 0
M  V30 31 C 2.224044 2.035048 0.000000 0
M  V30 END ATOM
M  V30 BEGIN BOND
M  V30 1 1 1 2
M  V30 2 1 2 3
M  V30 3 1 3 4
M  V30 4 1 4 5
M  V30 5 2 1 5
M  V30 6 2 3 6
M  V30 7 1 7 8
M  V30 8 2 8 9
M  V30 9 1 9 10
M  V30 10 2 10 11
M  V30 11 1 11 12
M  V30 12 2 7 12
M  V30 13 1 5 7
M  V30 14 1 13 14
M  V30 15 2 14 15
M  V30 16 1 15 16
M  V30 17 1 16 17
M  V30 18 1 13 17
M  V30 19 1 18 19
M  V30 20 2 19 20
M  V30 21 1 20 21
M  V30 22 2 21 17
M  V30 23 2 18 16
M  V30 24 1 2 14
M  V30 25 1 22 23
M  V30 26 2 4 22
M  V30 27 1 23 24
M  V30 28 1 24 25
M  V30 29 2 25 26
M  V30 30 1 26 27
M  V30 31 2 27 28
M  V30 32 1 28 29
M  V30 33 2 29 30
M  V30 34 1 30 25
M  V30 35 1 24 31
M  V30 END BOND
M  V30 END CTAB
M  END
$$$$
17.sdf
  ChemDraw04082516172D

  0  0  0     0  0              0 V3000
M  V30 BEGIN CTAB
M  V30 COUNTS 34 38 0 0 0
M  V30 BEGIN ATOM
M  V30 1 N -1.230335 -0.649025 0.000000 0
M  V30 2 N -1.715258 0.018414 0.000000 0
M  V30 3 C -1.230335 0.685853 0.000000 0
M  V30 4 C -0.445713 0.430914 0.000000 0
M  V30 5 C -0.445713 -0.394086 0.000000 0
M  V30 6 O -1.485274 1.470475 0.000000 0
M  V30 7 C 0.221727 -0.879009 0.000000 0
M  V30 8 C 0.135491 -1.699490 0.000000 0
M  V30 9 C 0.802930 -2.184413 0.000000 0
M  V30 10 C 1.556605 -1.848855 0.000000 0
M  V30 11 C 1.642841 -1.028374 0.000000 0
M  V30 12 C 0.975402 -0.543451 0.000000 0
M  V30 13 S -3.025181 0.685853 0.000000 0
M  V30 14 C -2.540258 0.018414 0.000000 0
M  V30 15 N -3.025181 -0.649025 0.000000 0
M  V30 16 C -3.809803 -0.394086 0.000000 0
M  V30 17 C -3.809803 0.430914 0.000000 0
M  V30 18 C -4.524274 -0.806586 0.000000 0
M  V30 19 C -5.238745 -0.394086 0.000000 0
M  V30 20 C -5.238745 0.430914 0.000000 0
M  V30 21 C -4.524274 0.843414 0.000000 0
M  V30 22 C 0.221727 0.915837 0.000000 0
M  V30 23 N 0.975402 0.580279 0.000000 0
M  V30 24 C 1.642841 1.065202 0.000000 0
M  V30 25 C 2.396516 0.729644 0.000000 0
M  V30 26 C 2.482752 -0.090837 0.000000 0
M  V30 27 C 3.236427 -0.426395 0.000000 0
M  V30 28 C 3.903867 0.058528 0.000000 0
M  V30 29 C 3.817631 0.879009 0.000000 0
M  V30 30 C 3.063956 1.214567 0.000000 0
M  V30 31 C 4.485070 1.363932 0.000000 0
M  V30 32 C 5.238745 1.028374 0.000000 0
M  V30 33 C 4.398834 2.184413 0.000000 0
M  V30 34 C 5.152509 1.848855 0.000000 0
M  V30 END ATOM
M  V30 BEGIN BOND
M  V30 1 1 1 2
M  V30 2 1 2 3
M  V30 3 1 3 4
M  V30 4 1 4 5
M  V30 5 2 1 5
M  V30 6 2 3 6
M  V30 7 1 7 8
M  V30 8 2 8 9
M  V30 9 1 9 10
M  V30 10 2 10 11
M  V30 11 1 11 12
M  V30 12 2 7 12
M  V30 13 1 5 7
M  V30 14 1 13 14
M  V30 15 2 14 15
M  V30 16 1 15 16
M  V30 17 1 16 17
M  V30 18 1 13 17
M  V30 19 1 18 19
M  V30 20 2 19 20
M  V30 21 1 20 21
M  V30 22 2 21 17
M  V30 23 2 18 16
M  V30 24 1 2 14
M  V30 25 1 22 23
M  V30 26 2 4 22
M  V30 27 1 23 24
M  V30 28 1 24 25
M  V30 29 2 25 26
M  V30 30 1 26 27
M  V30 31 2 27 28
M  V30 32 1 28 29
M  V30 33 2 29 30
M  V30 34 1 30 25
M  V30 35 1 29 31
M  V30 36 1 31 32
M  V30 37 1 31 33
M  V30 38 1 31 34
M  V30 END BOND
M  V30 END CTAB
M  END
$$$$
